1000
87354 869 5522
4731 1952 4596
46985 24 680
26493 258 6041
97569 47904 94499
95323 419 70164
16292 57 5319
1576 9 645
93900 308 47023
52805 478 13210
69089 365 44163
15967 73 6624
75403 214 71480
50252 385 33361
19592 84 14100
50045 193 47247
12951 19 5450
74117 29097 53096
37532 286 32488
73182 3127 14345
10450 101 2143
88210 5900 8066
92327 58862 91978
38176 19779 25797
24246 134 7432
26903 134 21771
5066 51 4603
3920 35 1464
80277 485 9272
49480 386 27021
57736 490 660
2727 8 1825
89989 653 32669
7254 6631 1869
91444 761 32532
34007 3356 11026
20168 110 3697
61701 128 15035
21558 156 19404
73681 54 23583
61982 436 32386
7713 3 2857
72482 6685 32373
43057 32266 41137
57094 377 45466
47962 44111 29269
38303 225 9080
49044 16412 9926
70052 177 33218
77675 395 46116
53491 88 21405
9104 3679 7896
83069 342 47317
61528 577 8471
67134 546 29290
70499 389 47347
24014 112 994
47838 473 39027
43248 408 875
16197 159 15779
10924 74 3001
57427 305 55666
35212 306 30311
74242 69682 2982
13777 63 3773
47761 318 38943
60292 55754 6679
46465 91 13377
5975 6 3324
73743 50567 32203
216 3 206
56585 32364 5264
21156 7601 9991
39889 273 3237
15694 99 8121
70805 547 46112
14634 51 1827
13977 12896 12290
60287 15865 51833
9993 38 7296
38268 10609 35855
49670 315 19317
43059 322 33475
42474 285 8427
13585 13 1621
28678 122 4082
69725 326 37736
50625 432 32052
86886 60789 45275
77156 624 48818
58928 17 3350
91724 8220 69642
24641 53 2591
19239 8456 14980
9002 45 6309
91308 23579 28115
54788 504 34816
42790 304 25895
79736 217 15174
2872 4 2636
90330 629 16379
10467 91 5956
87330 86508 31346
81162 515 65404
77067 395 1815
80997 233 18986
90833 211 19930
65633 644 1407
56793 176 11583
82957 293 69062
11720 55 3521
19011 181 3531
14274 138 4392
9264 87 9118
4756 27 3023
33339 307 15725
4484 13 1844
68784 595 6544
53481 37761 41677
82290 249 51698
94274 70749 65040
19395 104 15403
42833 366 33732
49026 341 40771
99620 294 89219
72872 476 12832
61895 521 11524
67848 40346 54071
36825 17 4267
28727 132 25894
23971 97 8691
41733 214 26515
59505 429 58534
67022 276 17307
31928 39 26910
94368 33 4446
44634 314 11609
93570 755 50676
58079 32 15887
89650 189 73064
45578 34558 45554
60170 506 25137
27433 147 26546
60196 601 19596
90252 43 82541
44906 116 34002
88464 105 5412
85072 93 35902
67332 61010 55438
50048 127 31368
32451 99 20081
69698 674 31479
96863 637 81415
76002 65284 58050
85258 109 74229
54028 15 34026
99501 918 87586
38121 16311 7540
89376 759 46821
1959 19 1360
77814 13139 7102
29001 94 23108
46700 39 31514
43205 364 7462
2256 14 1876
67743 222 40082
39290 23290 28643
46086 258 35874
37174 114 15863
22675 9654 18550
69317 244 29546
6682 4015 4858
6661 5759 4622
95441 50208 44168
39587 389 2715
37423 81 21957
10067 4447 7677
85844 603 29726
91811 178 75543
58142 7680 22191
43228 394 14112
19816 36 6148
34594 43 5924
67799 343 59248
21441 143 848
77127 222 32824
80748 150 63912
83698 645 24611
47706 39938 35375
76224 409 22900
97406 81 86867
67088 617 56908
43735 212 564
59625 403 6000
22020 64 1237
17677 44 1699
88374 59 21434
20401 15783 9930
64494 388 55706
40723 333 33103
53744 20883 52912
54247 32290 3118
17167 14239 6911
29063 76 23539
67766 465 40956
13458 10013 6335
52834 26151 9284
43689 379 35996
43117 135 8444
28531 18813 23714
76461 49102 7272
85978 349 59865
83886 74505 22260
36270 220 13740
66202 597 35213
6966 58 5032
59297 290 37232
30351 137 3632
14510 37 7999
23631 162 16367
42698 289 10148
87051 498 81989
77824 601 8689
82409 473 48862
23407 12 17318
45622 316 14055
84223 692 21310
45498 167 32975
85325 13318 50520
13709 80 2341
34610 17 25349
45453 417 2970
36511 193 35339
90359 26 18226
84739 62204 79698
90475 16 66473
55702 207 44714
40312 229 20924
978 9 785
23915 131 15763
94933 42676 92148
42800 394 3558
40882 109 12913
98593 534 45664
43927 210 21984
280 2 64
66816 64 3542
5851 1748 1945
17654 32 10083
12715 12700 4915
54818 129 22255
66164 63657 53358
27538 261 22081
52887 301 31284
21888 123 16753
71763 77 30561
43288 221 16128
67658 416 2366
53603 435 39240
90706 62 51357
75170 346 40679
69425 15569 8706
59615 384 14272
5800 2396 3665
78125 127 61125
26779 14515 24350
62658 476 20999
44889 267 14351
54271 302 47763
1337 14 994
78600 27477 60898
64620 340 47318
82286 76608 60408
33930 31136 16791
84540 639 6719
98849 231 13440
67242 414 11496
44045 33516 27663
89723 659 21929
13488 84 9268
49324 129 10387
39404 35 20810
86691 664 73073
54615 13572 8923
16470 124 15044
28334 22459 18824
95503 37 79451
50555 105 37296
64655 148 47530
30124 272 12753
71265 535 36259
56259 501 33834
58578 489 52517
72182 395 31012
4165 34 18
32625 6155 16556
37411 321 35098
54962 21324 27714
55405 40713 13907
78366 600 25722
31597 174 19648
53784 34425 40359
23071 79 4854
70456 41119 20887
63321 33513 8250
60163 516 5501
78042 520 49082
31892 203 2264
12188 103 11886
40788 61 40666
84801 686 25700
58290 23696 26020
69539 237 64267
84970 829 50441
64219 274 45596
14056 40 3143
26145 20496 23143
78640 147 60173
63176 47891 27801
98498 13228 14946
61123 468 20515
47210 353 31686
82482 106 81255
29932 55 25666
45600 29158 21034
27168 25 7731
2317 14 1219
94608 270 37509
47174 328 2191
99621 71 13977
66648 356 48458
68622 220 46039
31842 16853 4804
9682 3754 4910
46317 137 6898
91679 37 11381
21805 34 1884
14726 125 12599
78345 29284 69496
51341 201 23600
36567 325 14618
17482 116 10399
51174 44 47260
11590 11320 5031
73234 130 65628
57236 395 41734
6816 6328 1756
11176 31 5994
81585 717 58825
66362 64462 55901
44826 98 28910
96371 828 47425
2530 21 1377
68608 562 9775
22906 3437 4178
34035 324 30804
85501 690 35045
15554 10 10339
32848 26 8014
8150 30 1790
7685 66 2607
32900 9585 27786
92090 151 50495
8189 47 2122
81571 381 65302
54329 524 53800
70560 30 69850
97468 8029 75898
87078 40292 5171
40805 14664 7164
35190 283 10319
48179 21442 44252
4196 31 1382
74923 414 19552
96575 643 42042
49413 92 46365
47302 170 19043
92638 258 1511
36843 161 17552
77281 200 71615
26110 100 9571
35725 262 6013
23313 166 20549
23958 36 16200
43824 158 25248
55192 39836 43961
91204 467 20730
18885 129 16382
83254 22 33543
73751 253 13355
49128 173 25594
59385 3658 8068
63479 538 54095
79674 256 69429
5175 50 17
76454 505 59419
49307 368 19760
86697 189 57967
3166 15 1261
78107 578 27435
90135 7455 5044
7056 18 3143
88561 181 38128
8799 38 5248
15864 85 6046
13540 42 5486
1528 16 1151
61704 243 14335
47612 14060 42599
26732 191 20035
23753 107 10122
71031 335 9822
25767 15339 14345
52860 224 12074
74227 509 10431
33708 37 10464
83103 23041 52209
81398 645 35361
52820 20697 27970
68957 367 61100
92078 71722 48676
24907 115 9365
39075 250 37197
82128 143 81076
6613 25 4378
48653 224 3201
74890 683 20770
30993 184 2564
3149 24 3031
85254 743 73985
16279 142 592
86579 375 41019
97502 722 58229
858 6 509
89615 892 2311
6933 1995 1351
39396 345 843
24478 117 909
87776 27 719
20561 5822 18380
87638 37418 56379
40549 213 20448
34133 242 16804
71509 7234 36959
95945 130 33264
50672 134 47539
21956 196 5081
57556 569 19439
75388 13 11018
94472 184 46768
73175 209 64453
53880 170 32412
39145 317 30266
55464 272 17867
47496 4 24351
14740 127 9796
77887 520 66076
67830 638 37118
46192 7 27671
72467 58688 50106
61150 295 31531
3654 4 3266
67175 255 16373
16500 82 1302
68247 54902 20491
62845 50 3434
89317 812 25942
88274 39087 63029
48594 408 14582
7481 30 163
90267 635 16961
26543 214 22089
88795 617 12772
46070 231 38135
13780 10432 6780
31812 56 29933
9901 1086 6752
28779 156 10454
70455 454 11116
16478 112 6146
89393 98 48913
42693 23105 5834
34212 203 30677
77369 425 24341
62450 519 4669
97019 421 21435
44169 21 17210
98757 499 26791
48128 335 39275
73235 48391 16931
13343 33 3108
5570 35 4085
5640 40 2136
95493 52796 56288
56839 55570 379
20884 1454 5949
91852 544 47703
8661 1290 5548
4863 792 887
56903 26 42289
45186 334 26270
65334 380 51461
4633 3519 2425
85323 10240 46169
35238 9 21984
26395 64 23429
88965 77502 77236
32158 291 17405
16597 11846 4301
68004 403 17703
82097 423 37160
6903 22 4266
51201 119 17256
99098 423 44596
67456 408 28301
93861 755 2028
89579 384 19828
12539 28 6215
50275 261 39505
83962 779 19683
96791 174 2165
94276 531 68391
50395 3368 31005
78499 16367 62243
89362 59 85904
96220 831 85383
52648 495 11320
91311 256 11194
60063 376 33445
7894 15 2024
75862 668 70604
45371 81 16717
53382 52 15030
15299 153 10476
24444 221 20140
19838 7913 13303
24370 9 15977
96146 533 45163
15277 119 2144
93816 38584 44971
61577 280 23681
28729 126 9725
23970 59 23557
68687 209 58585
65714 382 14697
35268 335 4679
52691 39968 31087
13003 11720 9934
1945 3 968
20013 78 14796
97887 134 20782
53874 65 45419
50733 43094 43146
57974 314 54182
66451 597 19877
76507 32153 75140
69597 598 22171
49150 338 33709
29554 96 24468
68630 673 1009
62858 496 51342
80098 257 2638
21587 135 14208
51090 365 46447
79296 230 25272
41520 332 18909
16711 52 6830
1983 19 1090
61018 124 851
60958 539 33992
92420 871 76004
76573 542 6091
16053 16 3890
5722 2364 1605
28671 11559 26812
72419 27274 70860
74279 297 65896
54565 4440 48521
32707 313 12017
81741 67040 69091
92789 39528 86093
28669 283 9031
52178 32481 10680
35128 98 34855
86590 737 66253
44596 334 43905
58139 52503 16855
75985 11 51347
58508 42475 28792
64839 231 41218
10732 52 9243
96957 835 88147
8610 72 5827
9424 6293 8384
56382 431 20127
89992 66851 57872
90698 524 22590
88826 12421 2004
91451 421 59714
25914 148 18915
37920 360 31248
94690 775 5027
88372 538 72741
27854 198 24626
7199 5684 619
55846 16342 55453
45055 312 15352
18836 83 18438
27294 271 17668
10764 3111 3922
23828 13974 20423
47237 381 4811
52279 386 46421
73899 608 68771
49736 427 4078
17438 13217 16671
73270 602 65869
25048 18658 2049
69325 454 55230
16739 9968 160
1332 9 462
86812 55289 50725
89815 737 80327
51729 164 17334
33354 44 14120
86478 661 18143
17908 15 2316
88853 12537 83892
62707 231 33759
34301 256 26072
1379 9 1089
83441 637 76790
81774 57569 61027
50410 8043 32048
73245 38 10635
65474 42693 12554
50846 457 5154
41471 19417 41003
48726 14385 24799
16631 56 11139
48718 7597 41992
71513 13876 3401
43954 348 14311
83348 689 78590
84981 229 13391
52512 490 5448
14090 119 2103
83696 362 68771
72758 149 17088
77989 427 63888
95683 436 19842
97053 202 71490
72929 363 70796
62266 311 35270
26390 90 16437
50626 288 27492
85827 152 4040
84692 78649 51136
93067 19901 798
63883 567 52478
50517 228 42505
58142 567 55363
94994 744 10989
52440 18523 24292
95586 389 80778
26792 16777 23383
63027 143 62700
65685 50290 40119
47520 363 46261
29088 16842 13602
45067 281 35886
96823 14873 41790
77876 38569 53053
90103 883 1684
70066 75 53180
31343 26257 30858
62104 392 37715
22358 107 14430
56470 484 17528
58766 363 36748
94667 733 86064
39022 175 8676
21600 190 7043
48450 101 20595
7401 3404 1875
56389 25300 22190
63750 506 3266
83710 113 18437
91980 51684 79853
98725 38093 57506
48139 435 6520
51103 185 40154
51473 118 30674
48890 300 5772
51390 230 44301
24521 243 19857
66133 58344 40831
52462 133 23913
37661 318 20082
55275 36205 15566
42103 269 2422
46046 18 5364
30306 14523 373
46745 80 15361
44391 21965 39363
20055 73 7552
52503 132 44379
48742 149 19610
70735 425 43047
19613 120 13255
77072 331 69866
84269 59585 64955
16465 146 15088
16079 3344 12807
20707 106 9683
60660 582 58594
1662 919 1440
30449 261 28748
95157 89194 54328
71223 85 57969
82370 91 28186
70003 344 48017
99658 277 62941
71126 465 10617
51573 341 44328
21367 173 5000
31888 230 1367
38187 335 2661
41957 5590 33677
55784 36152 603
19767 4439 5668
25278 144 4838
42558 36742 29518
62255 446 17797
23972 64 2644
16257 71 10223
66481 87 7959
64161 411 34942
57475 266 41076
18731 150 7476
26038 165 22371
85242 26 64289
21272 210 3634
59547 494 46568
69151 7122 22325
29713 174 26995
68012 306 16127
50080 171 7140
57149 387 40120
95175 60405 54386
74573 695 66459
118 2 52
30835 14361 18198
30504 182 21305
53194 282 2695
9948 23 7504
16614 160 635
76159 518 8437
15334 51 14494
49226 314 36310
68623 228 31995
54804 38102 20051
51977 67 45905
90345 74624 51148
41823 37786 13240
64107 61 56401
77067 458 5340
76364 4574 51004
52414 31228 30125
14613 39 4798
57048 93 10093
35042 762 16039
34838 180 4980
69378 4016 49647
93741 28 32988
93868 301 58951
10027 17 1335
13734 105 11599
31517 6146 1149
72788 637 33950
71106 64489 10948
23657 9719 2661
9430 68 5032
36936 6600 35249
73247 314 54947
33486 56 10390
61216 2 28273
40074 73 27237
30946 7448 5553
17398 60 954
97017 464 63855
22861 178 6109
56413 37 16664
26510 19215 21645
60874 41 36679
93508 2399 92231
78397 456 49675
20487 91 12284
79251 489 71563
41148 35159 34414
33255 73 423
25556 179 18396
30155 220 12170
51839 2268 34285
70501 43959 41625
42306 393 11094
86884 265 39271
6944 50 6532
40445 373 35321
22038 143 730
64519 143 62229
49103 448 5241
87166 171 69938
50655 482 35516
75252 500 60956
15223 108 3676
71010 198 15951
81250 30425 23073
49454 214 13612
60257 34194 37573
92206 389 39960
6849 1812 4722
33489 30322 13369
8158 29 4038
78220 220 17076
95409 160 93823
85608 556 61757
19756 64 6076
41704 156 19501
36558 273 36187
30705 178 5984
11952 2597 450
51934 48440 11724
35331 41 14218
11404 76 5022
66926 626 26921
24293 193 17931
85433 167 14596
28836 24589 3119
73467 480 34187
82965 485 19579
12446 90 10304
99621 83510 98557
81634 236 1428
53858 15536 52540
38299 278 16894
21874 20577 17492
65846 21 48429
91164 888 61161
90220 757 40483
5104 4 944
26264 24692 5474
46510 342 28763
56289 268 11203
41568 78 16290
67294 569 16734
69837 12128 57872
16485 12962 946
48689 24138 29685
51655 38 14732
91985 815 81061
53473 10 43473
82836 586 10384
84800 770 19101
13560 13018 5068
6078 18 2107
66119 321 13204
90949 86660 52849
99620 89010 27272
46566 345 25073
33036 319 1072
48600 100 29017
21843 75 7510
32330 56 8948
99410 10255 73085
26176 21 1352
94711 11910 2537
14053 3222 1612
12039 67 10262
71115 185 25971
98116 644 36046
52417 181 15455
47124 165 29681
96773 466 35191
23296 16154 18255
69383 285 20076
25955 198 16554
82103 245 58560
25712 137 3758
74804 738 41613
41473 9341 4165
93443 57229 76903
91743 1639 59440
64563 238 51080
17102 163 901
3295 1134 457
85099 780 16817
48886 83 35891
98861 891 53340
34375 74 3474
1423 9 70
16723 12321 13087
16848 17 7926
34906 26205 6054
75911 204 34771
74731 597 30030
57920 263 42215
75255 118 33753
52907 442 988
2308 19 1204
70165 382 40120
48833 431 34380
8241 27 3821
42814 21480 31102
30727 219 24256
56345 458 10605
29774 97 23581
45008 20177 44994
49524 153 13449
57333 362 2426
99559 271 90728
62060 34015 42323
37318 3270 3725
79535 35 22290
38671 233 16183
3663 21 2898
71299 420 31141
17019 102 2712
39130 263 28837
9998 63 7872
42875 272 34174
61976 499 32933
25110 183 4710
87858 55 28722
89457 6 10549
97178 691 75960
90751 82043 86061
5419 16 5129
26663 155 3472
79221 393 2785
31780 206 14763
89074 496 84719
86962 39924 26066
95392 62329 14868
29992 229 10089
83960 630 19396
4600 3 1097
36919 9849 17622
2089 12 414
25640 9236 4120
82285 625 49871
54838 273 14147
24311 134 2726
57475 149 29136
33717 295 29513
11274 4721 2375
96821 663 72339
28342 122 19113
84198 839 74310
68636 382 27889
98128 75 73112
53268 484 45218
97998 410 63588
52318 190 46297
9776 52 5928
3782 6 2768
21360 4255 20965
89082 534 17327
73754 366 29043
39525 29 10678
54787 253 53979
97423 154 71208
42925 291 33390
36930 132 5879
89200 36520 30010
90933 288 59859
58352 31 22450
49488 241 22433
58389 69 5952
2287 20 1973
25172 116 4802
89427 863 17346
92116 25543 43680
66107 11951 31999
39258 32 26878
23559 158 11898
64005 62338 55389
21361 20385 2098
6982 1 5176
51451 17028 1158
94423 68152 77145
10675 43 894
79072 41355 29450
37836 343 15160
29250 158 15988
46223 1689 20451
93966 816 18425
60461 37 43449
22464 16 3027
49546 249 9518