900
75807 357 21088
20741 60 6676
33463 28870 18710
15643 153 13015
86754 47955 51950
73371 382 26851
3815 23 1661
24844 235 9091
31477 23321 16927
82446 74408 33889
35031 33357 6181
44675 261 4715
89810 197 13410
65126 7237 49736
74087 38 51460
20879 13 20651
90963 40445 40319
38325 35990 17382
85582 707 73827
82511 63210 15949
86899 150 55438
9031 44 5756
69771 190 29114
95609 3581 83084
82316 644 57820
23161 185 17885
88325 744 64630
77026 151 562
42065 63 17096
21358 180 19561
29450 286 6093
24829 4427 21707
7574 4 6211
36170 205 22530
44086 12622 8203
36557 146 952
22445 74 6334
61255 24120 39931
78387 674 59608
80713 228 3936
96072 376 80595
50447 480 21470
17441 105 5051
78540 288 60523
19614 10601 17833
60391 40215 30967
33220 33 8649
91934 219 7813
48185 338 46449
21956 171 8099
40435 94 13422
28047 268 20479
97100 39712 43201
91104 335 31921
23188 22547 11280
22655 56 11389
5483 40 17
53976 86 25770
85463 596 60228
85736 657 12884
26508 5992 17768
1569 14 408
63466 529 39133
25034 25 6087
59712 64 19399
77442 30 11997
30418 76 12877
17911 15 8214
3689 2742 740
34240 202 28535
73441 29601 3859
6949 57 1734
74657 132 59963
75789 102 23943
63739 509 17944
54244 5658 25036
27881 155 4560
28064 268 21208
3462 519 2324
37012 81 4783
84736 24 60377
79595 29510 34763
89956 10024 14257
46117 245 7945
42372 307 472
40367 350 20207
77532 62186 7125
27845 209 14386
22013 120 39
15881 66 10854
120 2 109
81082 617 76516
95383 200 31984
55325 112 34698
32961 30027 19488
12047 80 10839
53543 41798 13202
96097 41 9759
62353 66 43911
9698 15 1697
67517 635 24360
85035 16492 2392
79436 55228 16181
11884 4856 10095
69163 11597 16924
80730 749 50349
5772 80 2513
47998 70 44142
15562 4885 15367
50296 79 38109
86765 579 12603
35035 256 24734
60680 38 31241
870 1 487
47166 33156 463
8206 48 5216
54086 341 11011
19299 63 17692
49292 4 10860
44517 82 43143
49830 224 5844
3056 1774 2146
90582 68520 60973
34837 90 3759
91908 435 55544
39171 35312 12494
45530 389 6266
19274 139 10027
92606 63638 29910
28632 241 16237
65864 20226 40154
73164 23448 72159
36959 327 26933
54863 419 25305
197 87 192
72753 69215 52342
20555 114 13151
26884 122 5396
68748 78 55516
67077 468 30976
99419 46126 53558
67720 226 33301
20543 139 12611
13116 105 5059
43614 277 14552
456 4 367
57481 515 45706
61628 265 5361
86127 72913 58202
6425 57 1024
49523 337 37331
55882 44367 16547
15251 30 3357
15868 149 8994
65121 15174 3204
80036 415 46502
1650 2 331
15220 22 12794
46220 13330 15989
3452 1161 2073
23816 235 5728
39246 221 27997
6438 5885 5303
85858 378 16412
13231 39 7134
77295 40822 70988
50457 402 11803
52249 70 4249
33879 107 31226
75646 752 33398
97721 225 16611
18587 69 17428
86496 333 66311
91008 287 22214
82657 166 20419
11293 20 415
68249 18819 62796
16252 3902 9387
84005 9318 33501
92351 499 43287
24560 152 5102
61582 282 29265
47887 42358 4434
81972 319 70043
29210 52 27833
27383 218 3944
90908 199 51938
12518 12238 1098
30375 171 23245
27925 280 3317
49260 215 29773
35579 12 2696
44033 89 21461
22979 175 14914
50463 158 11716
91387 844 86243
86135 65 983
38395 25 3518
37061 243 20995
40582 637 11710
39950 156 22218
3788 3600 2990
56547 563 24027
50370 142 11051
12990 43 8102
36540 16407 29413
17742 16021 17298
21454 106 11739
478 1 96
58446 21 1206
7548 1652 2692
95556 639 7607
26114 223 24611
94141 837 54704
4074 3648 2302
64513 6792 10442
15579 58 14194
10664 43 5543
12468 7732 4451
72433 265 50794
34800 184 7989
15654 3876 8145
94433 232 3711
5240 33 1717
73285 200 19330
73944 47014 69963
12584 1665 9316
64621 39291 47102
3796 15 403
43185 184 1463
52812 43832 35481
92786 18 5915
73122 730 21881
33510 318 31516
95279 594 920
22477 130 19192
97395 45201 54634
85164 54 23447
24449 87 20859
73971 725 61011
40515 12320 28756
46926 130 18119
94971 43558 81111
41808 220 5595
45153 185 41785
48476 76 17937
51830 512 23067
53090 46262 10437
23398 16496 18937
83724 633 64498
5314 9 3299
20061 10 1775
61428 279 50148
67258 33066 57566
11841 115 5022
64200 57 9351
16178 13662 13702
22024 86 5097
31934 23053 2368
28017 11178 19777
17267 3572 10531
82068 451 16805
21657 203 8301
13608 54 8191
17823 121 14017
86597 31 68825
42227 105 7350
88862 33 9833
39945 32616 25793
42665 41013 7569
91337 290 18910
48860 121 566
57389 350 4140
30008 192 10361
61294 383 35342
30708 115 29519
13329 98 10991
87268 31151 22900
55554 103 49151
94547 389 8435
59439 68 26698
23514 69 3285
83792 46 48456
19835 3 18619
32551 123 20276
97613 388 4826
1363 720 275
50486 45416 742
5256 41 95
52002 505 33394
77389 561 46739
63149 581 51272
88222 22040 9140
53055 41775 48706
19481 95 8036
88744 799 40635
20627 15095 15328
62280 307 43867
84289 6168 25048
18498 111 12131
38237 148 6716
77570 67153 9417
31232 28 18409
21749 38 5127
65252 361 42890
2102 1877 595
68273 20467 17936
84521 450 80459
36207 246 31599
95597 594 92776
12449 7858 11717
25653 104 22080
19046 67 10691
67828 54244 44572
29649 70 20649
60557 53108 60417
66256 114 1954
17328 29 14627
21912 67 21571
79270 531 37429
58451 484 32400
89882 541 43664
240 2 196
61955 57665 10489
9708 6414 2437
29371 24982 27923
74316 67461 63970
33796 1487 1139
70599 678 37926
62797 184 42521
20106 2698 11092
23119 208 3950
99004 961 97606
77125 327 65409
51595 160 48168
11927 97 3269
30633 19 541
28197 22 1267
87608 197 6068
53864 429 33907
12690 112 626
95988 55 21585
13062 87 5869
31287 204 23949
27581 191 10650
36025 26742 21708
89256 367 22084
21890 72 14569
48617 266 33904
40819 9193 6153
98392 264 20276
83076 64 57115
65714 253 44324
16169 95 2240
20526 69 6827
95169 628 81750
71511 287 65870
16509 5189 15003
43291 42102 40163
73702 475 24746
82613 322 11787
72948 491 63940
73699 642 73391
37504 184 23400
97327 158 10309
27563 164 9362
44933 272 1753
27221 25392 23683
4778 31 3819
26405 10523 17587
75427 46 70809
44293 226 21149
89408 384 86567
10488 12 6899
38125 17141 7053
44286 43 28432
82894 85 42281
31863 291 16413
36127 33747 4532
89834 577 44812
25402 228 825
15465 80 2998
83609 2497 45681
92323 44977 24469
57201 18 55307
77719 695 2481
52091 12565 40908
58447 88 2027
3098 23 772
80005 317 79929
76070 628 71059
63394 47356 49871
53648 10503 8805
91979 538 28371
14548 48 1874
12794 5877 2852
72798 42521 48364
56845 421 7492
45986 358 17735
76542 96 48633
42706 153 35526
8025 20 5596
36048 9996 16026
16596 13 8065
3641 15 3020
49331 4859 22977
4144 26 3328
24684 13858 11126
23694 19 1231
82523 321 50925
82237 169 71514
64642 30869 10485
3265 12 3027
29237 17338 12508
4076 3704 1281
22842 52 9828
12861 101 2404
11919 9810 7979
30863 222 29703
34335 84 27176
66383 316 11565
2938 21 556
1548 120 365
33652 66 29119
18349 89 15063
16224 13157 15793
21223 70 6988
81134 417 14630
15864 4917 7723
45071 171 28142
32561 6471 29153
45596 26 8239
94140 12 43758
89460 51636 43848
38102 294 6046
43514 39883 25442
8001 4678 3633
38572 321 30743
37604 34004 655
48141 24 35450
53574 102 50557
95369 98 79397
29600 3572 25879
99393 827 33752
37507 269 9386
84329 742 23460
95303 18307 81528
78384 214 65544
82925 54 70883
11604 7969 10277
80523 538 10993
76638 481 59743
47190 231 32133
96299 74863 68673
92764 35 34114
87904 67649 12708
27585 271 20823
40681 15797 3316
66851 447 65168
80078 609 4395
80079 335 43144
36835 31 35326
88624 234 44215
72981 582 23668
39804 111 23286
15327 143 13258
78624 477 4375
56565 26424 24367
15792 128 7030
19516 151 644
81494 71993 21275
57954 28 24433
95546 870 39903
89660 42689 28794
17505 97 10598
2083 18 1800
22686 1576 7470
14211 85 6912
16692 77 11459
95330 578 57421
90493 616 61041
9239 62 1955
41288 58 15077
76401 570 17081
57274 520 10644
22837 138 22282
47254 243 22977
84564 734 31888
23393 5231 3948
29852 81 15237
62044 55420 8214
62578 462 39078
26431 242 2717
2346 1139 512
72494 170 70695
25610 8204 18819
30461 20228 1477
46082 67 35687
42762 15 5484
20643 82 7492
43784 27087 29062
28223 162 17660
65082 201 18106
29267 35 16943
33711 25455 6511
64486 600 321
2848 15 1272
56650 524 45018
62123 198 42347
90005 692 31168
42591 2039 16032
19595 12023 14408
5381 29 592
13911 96 72
5047 40 922
37156 59 9336
60696 96 28105
86236 96 71847
4771 19 551
41189 378 40902
67453 100 42557
94506 938 19094
30279 39 18454
33895 7474 21878
83170 10 12004
36809 240 6818
68839 52103 34738
99581 29 40619
94333 742 41923
96103 494 67133
17112 34 12740
75349 434 2081
9331 16 6606
93288 192 42139
74526 695 20521
33720 239 139
22840 642 20050
1329 989 437
59127 35 28880
55994 267 27923
70430 14248 41565
11971 108 6643
474 449 81
32560 18490 22290
45378 426 37476
55174 257 18475
93857 579 14909
37208 164 33438
94552 275 39415
56018 233 13828
69739 33866 46759
14330 125 13819
57928 479 19119
35579 67 15883
30605 268 5790
37463 45 25812
21112 193 1590
85083 127 34200
66455 11868 38847
58020 183 56811
47593 8 11242
11469 9431 6459
98504 153 87560
75545 506 67773
61078 493 7461
77381 659 44317
57682 327 30004
6725 3614 1998
75214 687 55997
22699 19804 93
68505 212 24772
27084 8985 12920
89386 880 81205
73967 663 25946
70767 425 70028
77802 664 43365
78427 318 65357
18470 13422 16454
94642 91511 80972
60165 585 17758
73460 21179 12621
20785 188 922
31359 7338 29606
81123 78419 74859
27452 256 20426
32708 124 7473
47230 255 17351
50242 115 23694
27498 8 3049
11933 9 2230
67715 42225 59508
44041 44 31017
92657 32028 80816
66646 179 26908
61675 455 40055
21686 21 9643
48405 6906 46529
14963 128 8169
64007 169 41921
10748 8410 8712
78749 27622 54417
50754 198 14395
23660 2727 14696
73840 47 68028
92440 31497 57137
24766 60 19401
95443 116 5045
78559 206 59746
23994 17 17596
21624 144 8648
23505 176 16082
20880 97 20003
43212 406 6602
12331 54 8422
16179 104 8010
33605 78 9427
50014 210 36781
73901 21 32825
67249 656 28477
56624 389 24097
45852 23288 17618
46352 133 21161
25393 229 19071
9154 62 182
20627 151 3898
66543 452 63085
73457 303 48017
48318 459 19678
33841 267 9033
30353 17063 27428
65338 18 15271
55470 189 14914
74948 80 21707
78695 1 63555
33199 186 32325
4879 31 4825
49936 452 23118
10383 6434 2065
59146 246 15774
91803 10649 2535
21364 1808 20956
10 1 3
70901 104 51786
42683 3668 4828
51460 178 20189
98056 29546 33953
9545 2239 3203
21371 34 6706
3351 8 3274
79190 640 12648
16305 104 8325
1405 6 1325
8478 60 3757
16720 168 1034
51251 34540 2996
74123 412 17377
42970 64 37009
82165 355 11301
87393 14250 46440
95502 11588 4464
12781 62 11068
98665 37370 50900
9205 59 2705
60140 543 29468
51110 306 7847
55559 34830 11901
96660 172 83237
94883 857 85136
61769 491 38998
98828 526 76516
12705 116 6685
83243 268 2297
98842 903 62967
43400 234 20070
15189 22 14524
7989 3 2394
17116 143 9173
50080 159 47084
51396 320 8669
92363 45 18145
32543 720 688
93153 25 19471
98185 9228 34761
19442 95 19430
66975 396 49026
55815 24951 23109
72290 415 49105
48940 476 30250
43296 108 37111
39827 33251 23817
31830 30 21533
78235 707 7595
31307 215 26358
13811 9802 7373
3013 7 1690
10997 25 1879
62167 38471 5849
12729 66 932
57782 50247 14410
30528 24739 13032
6889 23 5175
86905 516 77609
25144 34 19702
79038 713 20609
11762 51 5435
44124 92 19095
89185 63521 78218
33841 5076 11569
80058 178 67454
96134 30 47932
63947 54785 4081
81365 33 79912
74823 480 3850
55663 23665 30575
94363 56805 28274
50020 416 42501
57605 205 27251
5201 30 1499
79987 378 23824
45658 1 41017
27445 238 10220
30255 14 13528
15177 39 1027
95637 621 40618
29697 139 26468
68612 372 35483
68641 362 65748
38389 243 24054
18649 86 1053
91565 353 18656
88008 85 35963
58550 255 7877
22149 552 16868
79867 11658 61088
63577 636 13385
53045 32 17515
370 321 32
2867 13 138
29925 213 7566
3684 2068 2537
13076 583 1004
14879 11266 5468
10882 18 1577
24765 180 16815
19847 139 12178
47255 318 39859
89645 111 40152
24430 44 12651
11763 92 1241
99623 497 36426
79993 379 70667
24930 15 16734
8732 71 6357
6519 66 1468
32813 208 21445
48726 77 44887
78190 397 21526
55155 455 41875
58856 214 58837
75975 562 27786
13810 113 13799
83278 768 66321
69864 401 8430
35953 145 26726
73318 67038 28493
48148 431 4148
67910 602 64182
87782 428 610
74130 538 19635
17543 23 10454
75484 154 11062
72264 70945 14939
2744 3 237
74357 67654 10260
68637 252 895
42821 294 42236
56899 529 39600
79297 612 53888
5308 17 3409
42811 419 23684
79682 35685 1031
50045 14 18234
43748 18753 30894
70605 258 51676
42283 155 40929
44448 314 6901
28635 1 11373
20644 140 13146
10817 5866 6360
49990 419 37988
19709 16940 1773
53599 377 31379
77744 124 1499
17182 80 4348
81885 481 70431
21849 34 20169
90103 671 4197
12641 46 7067
47406 19423 45583
59455 248 4455
4286 37 3102
62808 3111 2836
44472 64 32208
66453 335 47938
6306 44 5559
14268 112 12250
7151 43 4112
72852 51 44833
50165 26953 18910
92074 30 86681
61305 533 23319
42776 108 23572
76615 303 7782
66348 505 13113
45648 129 19093
54932 470 37496
50845 21657 43603
94988 743 89354
57218 428 40639
75989 4416 2806
34765 164 1615
20996 111 19480
22864 192 19622
58235 442 50676
32215 16960 12090
8959 4 5743
14353 58 4545
50447 345 24128
4542 10 3293
54504 442 10835
56399 405 14781
56005 97 12222
3679 31 836
23980 53 13143
44714 1522 15925
79992 142 12447
88850 358 737
99892 139 88333
43469 264 16148
74762 216 54731
42530 22900 752
50802 460 40973
89278 74177 11490
78434 359 12004
75420 497 29242
8140 2131 152
14082 51 7522
70078 133 43969
8277 25 7963
94301 609 35033
95978 68 43348
98390 398 68004
21466 3 8618
26843 267 1030
63756 63079 50826
48424 232 25345
69020 54407 58450
27037 109 2580
71833 5 47089
40746 347 3423
285 2 102
9496 34 1829
21852 187 15796
38111 221 6811
40072 235 19563
2192 1837 1882
55159 24 31524
44860 159 8477
26722 42 4371
61631 43 1541
98268 748 90370
98567 596 68225
42046 170 17597
78655 540 66970
26142 191 25722
71160 32220 68717
90507 488 81199
9857 84 1226
36082 36 8164
61040 265 53308
62046 591 58603
50121 394 29757
40336 312 8353
36496 245 34310
55919 541 13092
99273 610 58053
9530 18 2075
42134 331 30092
99752 78 3283
33899 79 33814
8573 53 4304
2814 27 1983
60180 43268 7981
52479 408 16805
76753 478 52863
20844 72 14251
80212 91 11517
96812 39562 9863
78791 574 57952
47084 110 44262